TT	ID	AT	CT	IO_D	WT	RT	TRT
0011	0001	0001	0011	0000	0001	0000	0010
0012	1000	0001	0010	0000	0010	0000	0011
0012	0003	0001	0012	0000	0001	0000	0011
0012	1001	0004	0007	0000	0007	0000	0008
0013	1003	0007	0005	0000	0005	0000	0006
0023	0032	0019	0005	0000	0000	0000	0004
0028	0008	0004	0025	0000	0001	0000	0024
0029	0028	0017	0005	0000	0009	0000	0012
0029	0029	0018	0011	0000	0000	0001	0011
0030	0004	0001	0030	0000	0001	0000	0029
0030	0033	0020	0007	0000	0000	0004	0010
0034	0034	0020	0005	0000	0000	0010	0014
0039	0049	0026	0011	0000	0004	0003	0013
0039	0036	0020	0008	0000	0000	0012	0019
0040	0025	0013	0010	0000	0018	0018	0027
0043	0005	0002	0035	0005	0016	0010	0041
0043	0009	0005	0039	0000	0001	0000	0038
0044	1006	0020	0023	0000	0023	0000	0024
0044	1005	0014	0029	0000	0029	0000	0030
0044	0061	0032	0009	0000	0005	0004	0012
0045	0071	0040	0006	0000	0000	0000	0005
0047	0015	0008	0040	0000	0001	0000	0039
0047	0047	0026	0008	0000	0015	0014	0021
0047	0052	0027	0007	0000	0000	0014	0020
0049	0078	0043	0005	0000	0003	0002	0006
0049	0037	0020	0009	0000	0000	0026	0029
0051	0055	0029	0006	0000	0018	0017	0022
0054	0063	0034	0007	0000	0015	0014	0020
0055	0077	0043	0013	0000	0000	0000	0012
0056	0068	0037	0009	0000	0012	0011	0019
0056	0074	0041	0007	0000	0000	0009	0015
0057	0073	0041	0008	0000	0010	0009	0016
0058	0082	0046	0007	0000	0007	0006	0012
0059	0010	0005	0055	0000	0001	0000	0054
0061	0096	0055	0007	0000	0001	0000	0006
0063	0030	0018	0004	0000	0043	0042	0045
0064	0027	0015	0013	0000	0018	0037	0049
0065	1008	0055	0009	0000	0009	0000	0010
0065	1009	0059	0005	0000	0005	0000	0006
0065	0080	0044	0008	0000	0015	0014	0021
0065	0070	0039	0007	0000	0021	0020	0026
0065	0043	0023	0006	0000	0000	0037	0042
0066	0075	0042	0010	0000	0016	0015	0024
0066	0038	0021	0007	0000	0000	0039	0045
0073	0064	0034	0008	0000	0033	0032	0039
0074	0046	0026	0007	0000	0043	0042	0048
0074	0020	0010	0065	0000	0000	0000	0064
0075	0087	0049	0010	0000	0018	0017	0026
0077	0006	0003	0075	0000	0001	0000	0074
0077	0041	0022	0011	0000	0000	0045	0055
0078	1004	0008	0069	0000	0069	0000	0070
0078	1002	0004	0073	0000	0009	0009	0074
0078	1007	0026	0059	0000	0051	0000	0052
0078	0059	0031	0014	0000	0035	0034	0047
0078	0083	0046	0012	0000	0022	0021	0032
0079	0056	0029	0011	0000	0041	0000	0050
0082	0079	0044	0007	0000	0000	0032	0038
0082	0089	0051	0008	0000	0000	0024	0031
0083	0053	0028	0009	0000	0048	0047	0055
0085	0044	0024	0008	0000	0000	0054	0061
0086	0048	0026	0010	0000	0000	0057	0060
0087	0066	0036	0012	0000	0041	0040	0051
0088	0091	0052	0006	0000	0000	0031	0036
0088	0039	0021	0010	0000	0059	0058	0067
0092	0069	0038	0010	0000	0046	0000	0054
0093	0099	0056	0008	0000	0031	0000	0037
0093	0017	0009	0050	0012	0086	0000	0084
0094	0060	0031	0016	0000	0049	0048	0063
0094	0084	0047	0008	0000	0000	0040	0047
0094	0051	0027	0009	0000	0000	0059	0067
0095	0097	0055	0005	0000	0000	0036	0040
0096	0035	0020	0003	0003	0040	0011	0076
0096	0002	0001	0020	0003	0081	0000	0095
0099	0076	0043	0012	0000	0046	0000	0056
0099	0093	0053	0007	0000	0000	0041	0046
0100	0085	0047	0007	0000	0048	0000	0053
0100	0100	0057	0006	0000	0000	0038	0043
0101	0062	0033	0010	0000	0060	0000	0068
0102	0024	0012	0015	0000	0077	0076	0090
0103	0019	0010	0060	0000	0015	0055	0093
0103	1011	0077	0026	0000	0001	0001	0026
0104	1013	0087	0016	0000	0016	0000	0017
0104	1010	0068	0035	0000	0035	0000	0036
0104	1015	0096	0007	0000	0007	0000	0008
0104	0086	0048	0010	0000	0000	0047	0056
0105	0095	0055	0006	0000	0000	0045	0050
0106	0042	0022	0014	0000	0072	0071	0084
0110	0011	0006	0060	0000	0046	0000	0104
0110	0090	0052	0007	0000	0053	0052	0058
0110	0098	0056	0030	0000	0001	0025	0054
0111	1012	0082	0028	0000	0028	0000	0029
0111	1014	0088	0022	0000	0022	0000	0023
0113	0094	0054	0008	0000	0000	0052	0059
0114	0057	0030	0012	0000	0000	0073	0084
0115	0092	0052	0005	0000	0060	0059	0063
0117	0058	0030	0013	0000	0000	0075	0087
0118	0067	0036	0017	0000	0068	0079	0082
0118	1016	0115	0003	0000	0001	0001	0003
0119	0026	0014	0015	0004	0095	0000	0105
0119	0023	0012	0020	0000	0089	0088	0107
0121	0013	0007	0017	0000	0099	0098	0114
0122	0050	0026	0005	0022	0281	0018	0096
0125	0012	0006	0044	0010	0114	0000	0119
0131	0016	0008	0047	0000	0078	0107	0123
0131	1017	0130	0001	0000	0001	0001	0001
0140	0022	0012	0075	0000	0055	0099	0128
0177	0040	0022	0015	0018	0199	0035	0155
0196	1020	0136	0056	0000	0005	0005	0060
0197	1021	0145	0051	0000	0045	0000	0052
0197	1023	0147	0045	0000	0039	0000	0050
0198	1022	0146	0050	0000	0028	0000	0052
0199	0072	0040	0008	0033	0331	0016	0159
0228	0007	0004	0090	0034	0274	0044	0224
0237	0081	0045	0009	0033	0316	0017	0192
0255	0065	0035	0006	0022	0207	0029	0220
0312	0018	0010	0055	0035	0303	0000	0302
0317	0054	0028	0008	0009	0091	0073	0289
0321	0088	0050	0009	0009	0107	0024	0271
0324	0045	0025	0009	0013	0132	0007	0299

Processes: 119
avg WT = 39		avg RT = 21		avg TRT = 58
Migaration  %: 		RTF = 9%		maxW = 0%
Work Steal %: 31%
Forked Process %: 20%
Killed Process %: 15%
Befor Deadline %: 57%

Processors: 14	[3 FCFS ,5 SJF ,2 RR ,4 EDF ]

Processor Load: 
P1 = 1%	P2 = 2%	P3 = 2%	P4 = 1%	P5 = 4%	
P6 = 1%	P7 = 1%	P8 = 1%	P9 = 1%	P10 = 1%	
P11 = 1%	P12 = 1%	P13 = 1%	P14 = 1%	

Processor Util: 
P1 = 90%	P2 = 88%	P3 = 94%	P4 = 94%	P5 = 77%	
P6 = 96%	P7 = 60%	P8 = 81%	P9 = 45%	P10 = 77%	
P11 = 92%	P12 = 79%	P13 = 52%	P14 = 82%	
Average Utilization = 79%
