TT	ID	AT	CT	IO_D	WT	RT	TRT
0010	0001	0001	0010	0000	0001	0000	0009
0011	1000	0003	0007	0000	0007	0000	0008
0011	1001	0004	0006	0000	0006	0000	0007
0012	0003	0001	0012	0000	0001	0000	0011
0020	0002	0001	0020	0000	0001	0000	0019
0021	1004	0016	0004	0000	0004	0000	0005
0021	0028	0017	0005	0000	0001	0000	0004
0022	0025	0013	0010	0000	0001	0000	0009
0023	1005	0016	0006	0000	0006	0000	0007
0023	1006	0019	0003	0000	0003	0000	0004
0023	0013	0007	0017	0000	0001	0000	0016
0026	0024	0012	0015	0000	0000	0000	0014
0027	0038	0021	0007	0000	0001	0000	0006
0027	0030	0018	0004	0000	0007	0006	0009
0028	0043	0023	0006	0000	0000	0000	0005
0029	0036	0020	0008	0000	0003	0002	0009
0031	0023	0012	0020	0000	0000	0000	0019
0032	0032	0019	0005	0000	0010	0009	0013
0034	0033	0020	0007	0000	0009	0000	0014
0034	0035	0020	0003	0000	0000	0012	0014
0036	0044	0024	0008	0000	0000	0005	0012
0037	0039	0021	0010	0000	0008	0007	0016
0037	0026	0014	0015	0000	0010	0009	0023
0038	1007	0025	0012	0000	0012	0000	0013
0038	0052	0027	0007	0000	0006	0005	0011
0041	1002	0010	0031	0000	0001	0001	0031
0041	0012	0007	0035	0000	0001	0000	0034
0041	0037	0020	0009	0000	0014	0013	0021
0042	1008	0029	0012	0000	0012	0000	0013
0042	1009	0039	0002	0000	0002	0000	0003
0045	0045	0025	0009	0000	0000	0012	0020
0045	0071	0040	0006	0000	0001	0000	0005
0047	0061	0032	0009	0000	0008	0007	0015
0048	0031	0018	0022	0000	0000	0009	0030
0049	0047	0026	0008	0000	0017	0016	0023
0049	0040	0022	0015	0000	0000	0013	0027
0050	0050	0026	0005	0000	0000	0020	0024
0051	0042	0022	0014	0000	0017	0016	0029
0051	0048	0026	0010	0000	0017	0016	0025
0052	1011	0042	0009	0000	0009	0000	0010
0052	1013	0048	0003	0000	0003	0000	0004
0052	0016	0008	0045	0000	0001	0000	0044
0054	0049	0026	0011	0000	0019	0000	0028
0055	0084	0047	0008	0000	0002	0001	0008
0055	0055	0029	0006	0000	0000	0021	0026
0057	0060	0031	0016	0000	0012	0011	0026
0057	0054	0028	0008	0000	0023	0022	0029
0057	0053	0028	0009	0000	0000	0021	0029
0058	1015	0055	0002	0000	0002	0000	0003
0058	1014	0050	0007	0000	0007	0000	0008
0058	0051	0027	0009	0000	0024	0004	0031
0060	0088	0050	0009	0000	0003	0002	0010
0061	0056	0029	0011	0000	0000	0022	0032
0062	0080	0044	0008	0000	0012	0011	0018
0062	0087	0049	0010	0000	0005	0004	0013
0063	1016	0055	0007	0000	0007	0000	0008
0063	1018	0061	0001	0000	0001	0000	0002
0063	0064	0034	0008	0000	0000	0022	0029
0063	0062	0033	0010	0000	0021	0000	0030
0064	0070	0039	0007	0000	0020	0019	0025
0065	1017	0059	0005	0000	0005	0000	0006
0065	0089	0051	0008	0000	0008	0007	0014
0065	0063	0034	0007	0000	0026	0004	0031
0066	0029	0018	0011	0000	0039	0038	0048
0069	0093	0053	0007	0000	0011	0010	0016
0070	1019	0064	0005	0000	0005	0000	0006
0070	1020	0066	0003	0000	0003	0000	0004
0071	0074	0041	0007	0000	0025	0024	0030
0072	0090	0052	0007	0000	0015	0014	0020
0073	0068	0037	0009	0000	0029	0022	0036
0074	0076	0043	0012	0000	0021	0020	0031
0077	0094	0054	0008	0000	0017	0016	0023
0077	0006	0003	0075	0000	0001	0000	0074
0077	0092	0052	0005	0000	0022	0021	0025
0078	1012	0045	0032	0000	0032	0000	0033
0078	1003	0013	0064	0000	0049	0033	0065
0078	0017	0009	0050	0000	0021	0000	0069
0079	0004	0002	0018	0007	0086	0000	0077
0080	0081	0045	0009	0000	0028	0027	0035
0081	1021	0076	0004	0000	0004	0000	0005
0082	0057	0030	0012	0000	0043	0031	0052
0083	0095	0055	0006	0000	0024	0023	0028
0083	0067	0036	0017	0000	0032	0031	0047
0084	1023	0081	0002	0000	0002	0000	0003
0084	1022	0078	0005	0000	0005	0000	0006
0086	0073	0041	0008	0000	0000	0039	0045
0086	0022	0012	0075	0000	0001	0000	0074
0087	0086	0048	0010	0000	0031	0030	0039
0088	1024	0081	0006	0000	0006	0000	0007
0089	1010	0039	0009	0000	0042	0042	0050
0089	0065	0035	0006	0000	0030	0052	0054
0090	1026	0087	0002	0000	0002	0000	0003
0090	1025	0082	0007	0000	0007	0000	0008
0091	0077	0043	0013	0000	0038	0045	0048
0092	0069	0038	0010	0000	0046	0054	0054
0093	0082	0046	0007	0000	0000	0041	0047
0095	0058	0030	0013	0000	0054	0053	0065
0098	0066	0036	0012	0000	0000	0054	0062
0100	0005	0002	0035	0005	0085	0053	0098
0105	0079	0044	0007	0000	0000	0055	0061
0108	0014	0007	0025	0010	0156	0099	0101
0109	0010	0005	0055	0005	0061	0057	0104
0109	1031	0096	0014	0000	0012	0000	0013
0109	1028	0093	0015	0000	0015	0000	0016
0109	1027	0090	0018	0000	0003	0003	0019
0110	0008	0004	0025	0010	0180	0090	0106
0111	0020	0010	0065	0000	0027	0000	0101
0114	0078	0043	0005	0000	0015	0067	0071
0121	0027	0015	0013	0013	0105	0105	0106
0124	0072	0040	0008	0000	0015	0082	0084
0127	0011	0006	0060	0006	0106	0078	0121
0128	1029	0093	0034	0000	0034	0000	0035
0128	1032	0100	0027	0000	0009	0009	0028
0142	0015	0008	0040	0010	0103	0000	0134
0148	0007	0004	0090	0009	0140	0075	0144
0149	0018	0010	0055	0010	0111	0000	0139
0151	0021	0011	0070	0007	0073	0100	0140
0152	1035	0141	0037	0000	0010	0000	0011
0152	1034	0137	0041	0000	0014	0000	0015
0152	1030	0095	0051	0000	0033	0033	0057
0152	1033	0128	0050	0000	0001	0001	0024
0160	0009	0005	0039	0022	0182	0013	0155
0163	0085	0047	0007	0000	0001	0114	0116
0164	1036	0162	0001	0000	0001	0000	0002
0166	0059	0031	0014	0012	0084	0125	0135
0175	1037	0168	0007	0000	0001	0001	0007
0175	0041	0022	0011	0011	0095	0145	0153
0181	0075	0042	0010	0008	0061	0134	0139
0208	0083	0046	0012	0013	0053	0155	0162
0209	1038	0207	0001	0000	0001	0000	0002
0220	0091	0052	0012	0014	0056	0091	0168
0230	0034	0020	0020	0016	0093	0129	0210
0232	0046	0026	0007	0015	0058	0004	0206
0242	0019	0010	0060	0025	0203	0178	0232
0242	1039	0212	0030	0000	0001	0001	0030
0243	1040	0213	0029	0000	0029	0000	0030
0243	1041	0216	0026	0000	0026	0000	0027

Processes: 137
avg WT = 24		avg RT = 22		avg TRT = 42
Migaration  %: 		RTF = 0%		maxW = 2%
Work Steal %: 16%
Forked Process %: 30%
Killed Process %: 27%
Befor Deadline %: 50%

No. OverHeated %: 1

Processors: 16	[5 FCFS ,4 SJF ,3 RR ,4 EDF ]

Processor Load: 
P1 = 1%	P2 = 1%	P3 = 3%	P4 = 3%	P5 = 1%	
P6 = 2%	P7 = 1%	P8 = 1%	P9 = 2%	P10 = 0%	
P11 = 1%	P12 = 2%	P13 = 2%	P14 = 2%	P15 = 0%	
P16 = 1%	

Processor Util: 
P1 = 99%	P2 = 98%	P3 = 95%	P4 = 80%	P5 = 98%	
P6 = 82%	P7 = 93%	P8 = 92%	P9 = 67%	P10 = 90%	
P11 = 91%	P12 = 86%	P13 = 77%	P14 = 80%	P15 = 82%	
P16 = 89%	
Average Utilization = 87%
