TT	ID	AT	CT	IO_D	WT	RT	TRT
0011	0001	0001	0011	0000	0001	0000	0010
0012	1000	0002	0009	0000	0009	0000	0010
0012	1002	0006	0005	0000	0005	0000	0006
0013	0003	0002	0012	0000	0001	0000	0011
0014	1004	0011	0002	0000	0002	0000	0003
0014	1003	0006	0007	0000	0007	0000	0008
0020	0002	0001	0020	0000	0001	0000	0019
0026	0024	0012	0015	0000	0000	0000	0014
0028	0008	0004	0025	0000	0001	0000	0024
0031	0004	0002	0030	0000	0001	0000	0029
0031	0023	0012	0020	0000	0000	0000	0019
0032	1005	0011	0020	0000	0020	0000	0021
0032	1008	0021	0010	0000	0010	0000	0011
0035	0033	0020	0007	0000	0010	0009	0015
0036	0028	0017	0005	0000	0000	0015	0019
0037	0043	0023	0006	0000	0010	0009	0014
0037	0005	0003	0035	0000	0001	0000	0034
0038	1012	0034	0003	0000	0003	0000	0004
0041	0026	0014	0015	0000	0000	0013	0027
0042	0065	0035	0006	0000	0000	0002	0007
0043	0034	0020	0005	0000	0020	0000	0023
0045	0048	0026	0010	0000	0011	0010	0019
0046	0051	0027	0009	0000	0012	0011	0019
0051	0015	0008	0040	0000	0005	0004	0043
0051	0071	0040	0006	0000	0007	0006	0011
0052	1011	0034	0017	0000	0017	0000	0018
0054	0072	0040	0008	0000	0008	0007	0014
0054	0076	0043	0012	0000	0000	0000	0011
0054	0066	0036	0012	0000	0000	0007	0018
0056	0025	0013	0010	0000	0035	0000	0043
0058	0079	0044	0007	0000	0009	0008	0014
0059	0064	0034	0008	0000	0019	0018	0025
0059	0092	0052	0005	0000	0004	0003	0007
0060	1015	0053	0006	0000	0006	0000	0007
0061	0046	0026	0007	0000	0000	0029	0035
0065	0095	0055	0006	0000	0006	0005	0010
0065	0096	0055	0007	0000	0005	0004	0010
0068	0037	0020	0009	0000	0041	0000	0048
0069	0075	0042	0010	0000	0019	0018	0027
0070	1016	0068	0001	0000	0001	0000	0002
0073	0084	0047	0008	0000	0020	0019	0026
0075	0086	0048	0010	0000	0019	0018	0027
0077	0006	0003	0075	0000	0001	0000	0074
0079	0061	0032	0009	0000	0031	0000	0047
0083	0021	0011	0070	0000	0004	0003	0072
0083	0031	0018	0022	0000	0000	0044	0065
0084	1013	0046	0056	0000	0024	0024	0038
0084	1006	0014	0069	0000	0007	0007	0070
0084	1014	0047	0036	0000	0036	0000	0037
0084	1017	0071	0054	0000	0012	0000	0013
0084	1009	0024	0065	0000	0014	0014	0060
0084	1010	0030	0059	0000	0053	0000	0054
0085	0094	0054	0008	0000	0025	0024	0031
0085	0098	0056	0030	0000	0000	0000	0029
0087	0052	0027	0007	0000	0055	0057	0060
0087	0059	0031	0014	0000	0044	0043	0056
0088	0058	0030	0013	0000	0047	0046	0058
0089	0073	0041	0008	0000	0014	0043	0048
0089	1018	0088	0001	0000	0001	0001	0001
0089	0027	0015	0013	0000	0063	0000	0074
0090	0082	0046	0007	0000	0039	0038	0044
0090	0090	0052	0007	0000	0033	0032	0038
0091	0069	0038	0010	0000	0042	0000	0053
0092	0038	0021	0007	0000	0000	0065	0071
0092	0053	0028	0009	0000	0000	0056	0064
0093	0078	0043	0005	0000	0047	0000	0050
0093	0007	0004	0090	0000	0001	0000	0089
0093	0039	0021	0010	0000	0064	0000	0072
0094	0097	0055	0005	0000	0036	0000	0039
0096	0085	0047	0007	0000	0044	0046	0049
0097	0083	0046	0012	0000	0042	0047	0051
0097	1019	0095	0001	0000	0001	0000	0002
0098	0050	0026	0005	0000	0069	0068	0072
0103	0040	0022	0015	0000	0068	0067	0081
0104	0030	0018	0004	0000	0084	0000	0086
0104	0013	0007	0017	0000	0000	0086	0097
0104	0055	0029	0006	0000	0071	0070	0075
0105	0067	0036	0017	0000	0054	0000	0069
0105	0041	0022	0011	0000	0074	0000	0083
0106	0032	0019	0005	0000	0084	0000	0087
0106	0042	0022	0014	0000	0000	0071	0084
0109	0045	0025	0009	0000	0077	0000	0084
0110	0049	0026	0011	0000	0075	0031	0084
0112	0044	0024	0008	0000	0082	0081	0088
0114	0057	0030	0012	0000	0074	0060	0084
0125	0068	0037	0009	0000	0082	0069	0088
0127	0012	0006	0044	0000	0020	0084	0121
0128	1022	0102	0025	0000	0025	0000	0026
0128	1024	0107	0020	0000	0020	0000	0021
0136	0047	0026	0008	0000	0105	0000	0110
0140	0029	0018	0011	0000	0114	0000	0122
0141	0056	0029	0011	0000	0105	0097	0112
0147	0018	0010	0055	0000	0084	0083	0137
0147	0070	0039	0007	0000	0104	0000	0108
0147	0081	0045	0009	0000	0096	0000	0102
0148	1023	0102	0045	0000	0031	0000	0046
0148	1020	0097	0050	0000	0027	0031	0051
0149	1021	0099	0048	0000	0041	0000	0050
0151	0077	0043	0013	0000	0098	0068	0108
0153	0011	0006	0060	0000	0088	0000	0147
0154	0016	0008	0047	0000	0100	0000	0146
0157	0074	0041	0007	0000	0000	0114	0116
0158	0020	0010	0065	0000	0085	0084	0148
0160	0035	0020	0003	0000	0000	0138	0140
0161	0091	0052	0006	0000	0106	0000	0109
0164	0060	0031	0016	0000	0121	0121	0133
0165	0014	0007	0025	0000	0000	0147	0158
0165	0093	0053	0007	0000	0108	0000	0112
0166	0063	0034	0007	0000	0128	0000	0132
0168	0036	0020	0008	0000	0142	0074	0148
0168	0054	0028	0008	0000	0001	0133	0140
0170	0089	0051	0008	0000	0114	0044	0119
0172	0019	0010	0060	0000	0104	0103	0162
0173	0062	0033	0010	0000	0132	0000	0140
0173	0009	0005	0039	0000	0131	0000	0168
0175	0087	0049	0010	0000	0000	0117	0126
0180	0022	0012	0075	0000	0095	0153	0168
0183	0080	0044	0008	0000	0000	0132	0139
0191	0017	0009	0050	0000	0136	0139	0182
0194	0098	0050	0009	0000	0019	0119	0144
0201	0010	0005	0055	0000	0145	0146	0196

Processes: 121
avg WT = 38		avg RT = 29		avg TRT = 63
Migaration  %: 		RTF = 14%		maxW = 11%
Work Steal %: 51%
Forked Process %: 21%
Killed Process %: 18%
Befor Deadline %: 62%

No. OverHeated %: 1

Processors: 13	[4 FCFS ,4 SJF ,3 RR ,2 EDF ]

Processor Load: 
P1 = 1%	P2 = 1%	P3 = 1%	P4 = 1%	P5 = 2%	
P6 = 1%	P7 = 2%	P8 = 1%	P9 = 2%	P10 = 1%	
P11 = 1%	P12 = 2%	P13 = 2%	

Processor Util: 
P1 = 99%	P2 = 97%	P3 = 95%	P4 = 92%	P5 = 71%	
P6 = 96%	P7 = 44%	P8 = 96%	P9 = 94%	P10 = 96%	
P11 = 94%	P12 = 96%	P13 = 50%	
Average Utilization = 86%
