TT	ID	AT	CT	IO_D	WT	RT	TRT
0013	0001	0001	0011	0002	0007	0000	0012
0021	0028	0017	0005	0000	0001	0000	0004
0023	0013	0007	0017	0000	0001	0000	0016
0025	0034	0020	0005	0000	0002	0001	0005
0028	0026	0014	0015	0000	0001	0000	0014
0028	0029	0018	0011	0000	0001	0000	0010
0033	0032	0019	0005	0000	0011	0010	0014
0033	1000	0007	0024	0000	0003	0003	0026
0034	1002	0032	0001	0000	0001	0000	0002
0037	0037	0020	0009	0000	0010	0000	0017
0037	0030	0018	0004	0000	0018	0000	0019
0038	0024	0012	0015	0000	0013	0012	0026
0038	0033	0020	0007	0000	0013	0000	0018
0039	0005	0002	0035	0002	0008	0000	0037
0041	0044	0024	0008	0000	0011	0010	0017
0041	0025	0013	0010	0000	0020	0000	0028
0041	0054	0028	0008	0000	0007	0006	0013
0043	0031	0018	0022	0000	0005	0004	0025
0043	0043	0023	0006	0000	0017	0000	0020
0044	0055	0029	0006	0000	0011	0010	0015
0045	0042	0022	0014	0000	0011	0010	0023
0047	0047	0026	0008	0000	0015	0014	0021
0048	0074	0041	0007	0000	0002	0001	0007
0051	0063	0034	0007	0000	0012	0011	0017
0051	0039	0021	0010	0000	0022	0000	0030
0053	0080	0044	0008	0000	0003	0002	0009
0054	0082	0046	0007	0000	0003	0002	0008
0055	0079	0044	0007	0000	0006	0005	0011
0057	0053	0028	0009	0000	0022	0000	0029
0059	0010	0005	0055	0000	0001	0000	0054
0060	1006	0048	0011	0000	0011	0000	0012
0060	1001	0011	0048	0000	0018	0018	0049
0060	1003	0039	0037	0000	0005	0005	0021
0060	1007	0049	0031	0000	0010	0000	0011
0060	0068	0037	0009	0000	0016	0015	0023
0060	0045	0025	0009	0000	0028	0000	0035
0060	0097	0055	0006	0000	0000	0000	0005
0060	1004	0043	0033	0000	0005	0005	0017
0062	0090	0050	0009	0000	0005	0004	0012
0062	0052	0027	0007	0000	0030	0000	0035
0063	0078	0043	0005	0000	0017	0000	0020
0063	0071	0040	0006	0000	0019	0000	0023
0063	0083	0046	0012	0000	0000	0015	0017
0064	0087	0048	0007	0000	0011	0000	0016
0065	0088	0048	0010	0000	0009	0008	0017
0065	0066	0036	0012	0000	0000	0028	0029
0066	0046	0026	0007	0000	0036	0013	0040
0067	0095	0053	0007	0000	0009	0008	0014
0068	0072	0040	0008	0000	0022	0004	0028
0068	0065	0035	0006	0000	0030	0000	0033
0069	0070	0039	0007	0000	0025	0000	0030
0070	0056	0029	0011	0000	0032	0031	0041
0070	0089	0049	0010	0000	0013	0012	0021
0071	1008	0066	0004	0000	0004	0000	0005
0071	0073	0041	0008	0000	0024	0000	0030
0071	0057	0030	0012	0000	0000	0036	0041
0072	0048	0026	0010	0000	0039	0016	0046
0072	0096	0054	0008	0000	0012	0000	0018
0072	0069	0038	0010	0000	0026	0025	0034
0073	0076	0043	0012	0000	0021	0022	0030
0073	0061	0032	0009	0000	0034	0006	0041
0074	0041	0022	0011	0000	0000	0050	0052
0074	1009	0067	0006	0000	0006	0000	0007
0075	0081	0045	0009	0000	0023	0000	0030
0075	0035	0020	0003	0000	0000	0055	0055
0076	0006	0002	0075	0000	0001	0000	0074
0077	0084	0047	0008	0000	0024	0000	0030
0078	1005	0044	0019	0000	0016	0016	0034
0078	0093	0052	0006	0000	0022	0021	0026
0079	0092	0052	0007	0000	0024	0012	0027
0080	0003	0001	0012	0011	0197	0000	0079
0081	0099	0055	0005	0000	0024	0022	0026
0082	0085	0047	0007	0000	0030	0000	0035
0083	0050	0026	0005	0000	0000	0053	0057
0084	0098	0055	0007	0000	0024	0009	0029
0086	0086	0048	0010	0000	0030	0021	0038
0087	1010	0073	0014	0000	0001	0001	0014
0087	0062	0033	0010	0000	0046	0045	0054
0087	0067	0036	0017	0000	0037	0035	0051
0087	0091	0051	0008	0000	0031	0007	0036
0088	1011	0078	0009	0000	0009	0000	0010
0089	0064	0034	0008	0000	0049	0048	0055
0091	0016	0008	0047	0000	0038	0000	0083
0092	0058	0030	0013	0000	0051	0050	0062
0093	0094	0052	0005	0000	0040	0000	0041
0095	0100	0056	0030	0000	0012	0019	0039
0096	0059	0031	0014	0000	0053	0052	0065
0096	0027	0015	0013	0000	0070	0000	0081
0097	0075	0042	0010	0000	0048	0000	0055
0098	0049	0026	0011	0000	0064	0066	0072
0098	0051	0027	0009	0000	0064	0063	0071
0099	0020	0010	0065	0000	0026	0055	0089
0099	0040	0022	0015	0000	0064	0000	0077
0100	0060	0031	0016	0000	0055	0007	0069
0103	1012	0087	0016	0000	0001	0001	0016
0103	0022	0012	0075	0000	0018	0062	0091
0103	0077	0043	0013	0000	0049	0048	0060
0103	1013	0091	0012	0000	0001	0001	0012
0104	1014	0092	0011	0000	0011	0000	0012
0194	0017	0009	0050	0012	0190	0146	0185
0213	0038	0021	0007	0010	0150	0192	0192
0244	0008	0004	0025	0026	0378	0225	0240
0302	0004	0002	0030	0002	0043	0281	0300
0303	1015	0273	0030	0000	0001	0001	0030
0311	0036	0020	0008	0012	0166	0290	0291
0397	0023	0012	0020	0054	0698	0375	0385
0443	0002	0001	0020	0049	0510	0202	0442
0453	0018	0010	0055	0035	0451	0434	0443
0517	0014	0007	0025	0034	0393	0297	0510
0578	0012	0006	0044	0045	0544	0559	0572

Processes: 110
avg WT = 50		avg RT = 38		avg TRT = 61
Migaration  %: 		RTF = 30%		maxW = 11%
Work Steal %: 33%
Forked Process %: 14%
Killed Process %: 9%
Befor Deadline %: 60%

No. OverHeated %: 1

Processors: 16	[4 FCFS ,5 SJF ,6 RR ,1 EDF ]

Processor Load: 
P1 = 2%	P2 = 1%	P3 = 2%	P4 = 1%	P5 = 1%	
P6 = 1%	P7 = 1%	P8 = 1%	P9 = 1%	P10 = 1%	
P11 = 1%	P12 = 0%	P13 = 0%	P14 = 1%	P15 = 4%	
P16 = 0%	

Processor Util: 
P1 = 71%	P2 = 57%	P3 = 45%	P4 = 60%	P5 = 60%	
P6 = 95%	P7 = 55%	P8 = 46%	P9 = 57%	P10 = 44%	
P11 = 62%	P12 = 84%	P13 = 85%	P14 = 28%	P15 = 52%	
P16 = 43%	
Average Utilization = 59%
